4,Centralized,2019-02-07 16:21:25.899,9705,0,8220,1451,9001,0.0,0.0,0.0
7,Centralized,2019-02-07 16:23:26.006,9519,0,8148,1360,9001,0.0,0.0,0.0
8,Centralized,2019-02-07 16:24:06.044,10001,1,8509,1476,9001,0.0,0.0,0.0
9,Centralized,2019-02-07 16:24:46.110,1446,0,104,1333,9001,0.0,0.0,0.0
10,Centralized,2019-02-07 16:25:08.283,10193,0,8498,1689,9001,0.0,0.0,0.0
11,Centralized,2019-02-07 16:25:48.345,1479,0,82,1393,9001,0.0,0.0,0.0
12,Centralized,2019-02-07 16:26:10.547,10909,0,8642,2261,9001,0.0,0.0,0.0
13,Centralized,2019-02-07 16:26:50.621,1501,0,78,1411,9001,0.0,0.0,0.0
14,Centralized,2019-02-07 16:27:12.889,9915,0,8489,1421,9001,0.0,0.0,0.0
15,Centralized,2019-02-07 16:27:52.931,1626,0,97,1521,9001,0.0,0.0,0.0
16,Centralized,2019-02-07 16:28:15.336,10331,0,8817,1510,9001,0.0,0.0,0.0
17,Centralized,2019-02-07 16:28:55.419,2467,0,140,2310,9001,0.0,0.0,0.0
18,Centralized,2019-02-07 16:29:18.676,9873,0,8394,1472,9001,0.0,0.0,0.0
19,Centralized,2019-02-07 16:29:58.718,1734,0,118,1612,9001,0.0,0.0,0.0
20,Centralized,2019-02-07 16:30:21.269,10689,0,9180,1505,9001,0.0,0.0,0.0
21,Centralized,2019-02-07 16:31:01.325,10213,0,8620,1589,9001,0.0,0.0,0.0
22,Centralized,2019-02-07 16:31:41.346,1522,0,51,1467,9001,0.0,0.0,0.0
23,Centralized,2019-02-07 16:32:03.683,10210,0,8687,1518,9001,0.0,0.0,0.0
24,Centralized,2019-02-07 16:32:43.779,1617,0,73,1536,9001,0.0,0.0,0.0
25,Centralized,2019-02-07 16:33:06.214,11305,0,9093,2202,9001,0.0,0.0,0.0
26,Centralized,2019-02-07 16:33:46.256,1864,0,94,1762,9001,0.0,0.0,0.0
28,Centralized,2019-02-07 16:34:49.027,10140,0,8640,1497,9001,0.0,0.0,0.0
29,Centralized,2019-02-07 16:35:29.077,10039,0,8442,1588,9001,0.0,0.0,0.0
30,Centralized,2019-02-07 16:36:09.109,10756,0,9147,1603,9001,0.0,0.0,0.0
31,Centralized,2019-02-07 16:36:49.171,1539,0,45,1490,9001,0.0,0.0,0.0
32,Centralized,2019-02-07 16:37:11.532,10013,0,8600,1409,9001,0.0,0.0,0.0
33,Centralized,2019-02-07 16:37:51.731,1551,0,43,1504,9001,0.0,0.0,0.0
34,Centralized,2019-02-07 16:38:14.109,10632,0,9168,1459,9001,0.0,0.0,0.0
35,Centralized,2019-02-07 16:38:54.155,1578,0,36,1538,9001,0.0,0.0,0.0
36,Centralized,2019-02-07 16:39:16.547,10885,0,9395,1481,9001,0.0,0.0,0.0
