1,21600,1,1274
2,21600,1,1728
3,21600,1,1726
4,21600,1,1705
5,21600,1,1695
6,21600,1,1698
7,21600,1,1707
8,21600,1,1715
9,21600,1,1696
10,21600,1,1685
11,21600,1,1677
12,21600,1,1697
13,21600,1,1701
14,21600,1,1695
15,21600,1,1700
16,21600,1,1697
17,21600,1,1701
18,21600,1,1704
19,21600,1,1676
20,21600,1,1689
21,21600,1,1692
22,21600,1,1692
23,21600,1,1699
24,21600,1,1699
25,21600,1,1699
26,21600,1,1674
27,21600,1,1675
28,21600,1,1696
29,21600,1,1695
30,21600,1,1709
31,21600,1,1700
32,21600,1,1693
33,21600,1,1674
34,21600,1,1677
35,21600,1,1683
36,21600,1,1705
37,21600,1,1717
38,21600,1,1728
39,21600,1,1693
40,21600,1,1694
41,21600,1,1673
42,21600,1,1676
43,21600,1,1697
44,21600,1,1696
45,21600,1,1697
46,21600,1,1701
47,21600,1,1676
48,21600,1,1691
49,21600,1,1702
50,21600,1,1707
51,21600,1,1695
52,21600,1,1697
53,21600,1,1710
54,21600,1,1681
55,21600,1,1687
56,21600,1,1723
57,21600,1,1729
58,21600,1,1732
59,21600,1,1732
60,21600,1,1710
1,21600,2,2279
2,21600,2,2735
3,21600,2,2631
4,21600,2,2739
5,21600,2,2708
6,21600,2,2729
7,21600,2,2685
8,21600,2,2696
9,21600,2,2659
10,21600,2,2674
11,21600,2,2717
12,21600,2,2712
13,21600,2,2712
14,21600,2,2731
15,21600,2,2680
16,21600,2,2687
17,21600,2,2692
18,21600,2,2660
19,21600,2,2710
20,21600,2,2703
21,21600,2,2703
22,21600,2,2666
23,21600,2,2701
24,21600,2,2674
25,21600,2,2678
26,21600,2,2711
27,21600,2,2628
28,21600,2,2700
29,21600,2,2691
30,21600,2,2642
31,21600,2,2705
32,21600,2,2693
33,21600,2,2661
34,21600,2,2662
35,21600,2,2688
36,21600,2,2658
37,21600,2,2715
38,21600,2,2668
39,21600,2,2647
40,21600,2,2669
41,21600,2,2771
42,21600,2,2669
43,21600,2,2663
44,21600,2,2734
45,21600,2,2860
46,21600,2,2752
47,21600,2,2854
48,21600,2,2797
49,21600,2,2809
50,21600,2,2754
51,21600,2,2804
52,21600,2,3016
53,21600,2,2724
54,21600,2,2791
55,21600,2,2773
56,21600,2,2823
57,21600,2,2755
58,21600,2,2690
59,21600,2,2733
60,21600,2,2813
1,21600,3,2861
2,21600,3,2962
3,21600,3,2989
4,21600,3,2984
5,21600,3,2963
6,21600,3,2897
7,21600,3,2974
8,21600,3,2887
9,21600,3,2952
10,21600,3,2903
11,21600,3,2993
12,21600,3,2881
13,21600,3,2925
14,21600,3,2888
15,21600,3,2941
16,21600,3,2875
17,21600,3,2924
18,21600,3,2883
19,21600,3,2923
20,21600,3,2870
21,21600,3,2936
22,21600,3,2867
23,21600,3,2933
24,21600,3,2886
25,21600,3,2873
26,21600,3,2911
27,21600,3,2862
28,21600,3,2855
29,21600,3,2922
30,21600,3,2855
31,21600,3,2867
32,21600,3,2907
33,21600,3,2862
34,21600,3,2862
35,21600,3,2938
36,21600,3,2867
37,21600,3,2876
38,21600,3,2948
39,21600,3,2882
40,21600,3,2875
41,21600,3,2909
42,21600,3,2893
43,21600,3,2864
44,21600,3,2912
45,21600,3,2869
46,21600,3,2862
47,21600,3,2931
48,21600,3,2925
49,21600,3,2912
50,21600,3,2966
51,21600,3,2873
52,21600,3,2896
53,21600,3,2964
54,21600,3,2913
55,21600,3,2890
56,21600,3,2970
57,21600,3,2913
58,21600,3,2887
59,21600,3,2973
60,21600,3,2893
1,21600,4,3224
2,21600,4,3256
3,21600,4,3212
4,21600,4,3179
5,21600,4,3227
6,21600,4,3212
7,21600,4,3148
8,21600,4,3186
9,21600,4,3114
10,21600,4,3187
11,21600,4,3116
12,21600,4,3194
13,21600,4,3119
14,21600,4,3216
15,21600,4,3119
16,21600,4,3231
17,21600,4,3162
18,21600,4,3227
19,21600,4,3133
20,21600,4,3231
21,21600,4,3115
22,21600,4,3193
23,21600,4,3114
24,21600,4,3207
25,21600,4,3116
26,21600,4,3189
27,21600,4,3131
28,21600,4,3211
29,21600,4,3101
30,21600,4,3210
31,21600,4,3130
32,21600,4,3194
33,21600,4,3126
34,21600,4,3166
35,21600,4,3133
36,21600,4,3179
37,21600,4,3115
38,21600,4,3117
39,21600,4,3110
40,21600,4,3144
41,21600,4,3207
42,21600,4,3094
43,21600,4,3201
44,21600,4,3122
45,21600,4,3146
46,21600,4,3192
47,21600,4,3128
48,21600,4,3111
49,21600,4,3244
50,21600,4,3142
51,21600,4,3126
52,21600,4,3224
53,21600,4,3111
54,21600,4,3137
55,21600,4,3225
56,21600,4,3128
57,21600,4,3139
58,21600,4,3211
59,21600,4,3121
60,21600,4,3113
