3,2019-02-06 00:25:26.677,7214,2,3363,3797,9007-9003-9002-9001,0.8300000000000001,99.67,0.28
4,2019-02-06 00:26:06.727,7364,2,3458,3884,9007-9003-9002-9001,0.5700000000000001,98.67,0.19
6,2019-02-06 00:27:26.778,8418,1,3690,4715,9006-9005-9002-9001,0.4,98.33,0.14
7,2019-02-06 00:28:06.828,7859,6,3686,4153,9007-9003-9002-9001,158.14000000000001,98.67,0.17
8,2019-02-06 00:28:46.904,4027,5,100,3910,9007-9003-9002-9001,158.14000000000001,98.67,0.17
9,2019-02-06 00:29:26.924,9221,15,4054,5131,9006-9005-9002-9001,0.58,98.33,0.19
10,2019-02-06 00:30:06.968,8690,5,3979,4693,9006-9005-9002-9001,0.65,98.0,0.21
11,2019-02-06 00:30:47.029,4819,7,65,4739,9006-9005-9002-9001,0.65,98.0,0.21
12,2019-02-06 00:31:27.068,8838,1,4005,4819,9006-9005-9002-9001,58.67,97.0,0.19
13,2019-02-06 00:32:07.095,8426,1,4162,4256,9007-9003-9002-9001,204.58999999999997,97.33,0.21
14,2019-02-06 00:32:47.164,4592,1,86,4495,9007-9003-9002-9001,204.58999999999997,97.33,0.21
15,2019-02-06 00:33:27.162,8211,1,3924,4275,9007-9003-9002-9001,0.72,97.33,0.24
16,2019-02-06 00:34:07.220,8559,7,4195,4346,9007-9003-9002-9001,0.79,97.33,0.27
17,2019-02-06 00:34:47.250,4607,1,67,4533,9007-9003-9002-9001,0.79,97.33,0.27
18,2019-02-06 00:35:27.312,9458,5,4122,5321,9006-9005-9002-9001,135.14,96.33,0.15
19,2019-02-06 00:36:07.337,9937,4,4550,5377,9006-9005-9002-9001,38.67,95.67,0.14
20,2019-02-06 00:36:47.380,5123,1,70,5044,9006-9005-9002-9001,38.67,95.67,0.14
21,2019-02-06 00:37:27.395,9530,1,4390,5132,9006-9005-9002-9001,10.23,95.67,0.22
22,2019-02-06 00:38:07.467,9563,1,4986,4570,9007-9003-9002-9001,0.6000000000000001,96.0,0.2
23,2019-02-06 00:38:47.499,4785,1,74,4703,9007-9003-9002-9001,0.6000000000000001,96.0,0.2
24,2019-02-06 00:39:27.563,9322,0,4543,4771,9007-9003-9002-9001,29.32,96.0,0.19
25,2019-02-06 00:40:07.615,9841,1,5112,4723,9007-9003-9002-9001,86.81,96.0,0.2
26,2019-02-06 00:40:47.606,4729,1,67,4654,9007-9003-9002-9001,86.81,96.0,0.2
27,2019-02-06 00:41:27.666,9661,1,4715,4940,9007-9003-9002-9001,0.66,95.0,0.22
29,2019-02-06 00:42:47.831,10564,0,4879,5680,9006-9005-9002-9001,10.110000000000001,94.67,0.21
30,2019-02-06 00:43:27.856,10139,1,4713,5420,9006-9005-9002-9001,95.07,94.67,0.18
31,2019-02-06 00:44:07.883,10666,1,4769,5892,9006-9005-9002-9001,0.6699999999999999,94.67,0.22
