3,2019-02-05 20:45:05.661,6277,3,3169,3061,9004-9002-9001,0.71,100.0,0.36
4,2019-02-05 20:45:45.699,3025,6,165,2828,9004-9002-9001,0.71,100.0,0.36
5,2019-02-05 20:46:09.137,6335,7,3287,3029,9004-9002-9001,0.56,99.0,0.28
6,2019-02-05 20:46:49.134,3245,5,95,3135,9004-9002-9001,0.56,99.0,0.28
7,2019-02-05 20:47:29.180,7386,1,3416,3958,9005-9002-9001,0.44,99.0,0.22
8,2019-02-05 20:48:09.214,6803,4,3729,3060,9004-9002-9001,69.50999999999999,99.0,0.16
9,2019-02-05 20:48:49.272,3275,1,77,3188,9004-9002-9001,69.50999999999999,99.0,0.16
10,2019-02-05 20:49:12.943,7205,3,3506,3691,9005-9002-9001,49.8,99.0,0.2
11,2019-02-05 20:49:52.997,3794,1,103,3681,9005-9002-9001,49.8,99.0,0.2
12,2019-02-05 20:50:33.014,7649,1,4127,3508,9004-9002-9001,59.32,98.5,0.16
13,2019-02-05 20:51:13.077,7507,3,4311,3181,9003-9002-9001,107.89,98.0,0.09
14,2019-02-05 20:51:53.128,3381,1,53,3318,9003-9002-9001,107.89,98.0,0.09
15,2019-02-05 20:52:33.155,7610,3,4235,3368,9003-9002-9001,107.99,98.0,0.21
16,2019-02-05 20:53:13.195,8155,4,4288,3857,9005-9002-9001,107.99,98.0,0.21
17,2019-02-05 20:53:53.248,4152,3,48,4097,9005-9002-9001,107.99,98.0,0.21
18,2019-02-05 20:54:33.298,7571,0,4099,3458,9003-9002-9001,107.97,98.0,0.19
19,2019-02-05 20:55:13.328,8159,2,4309,3832,9004-9002-9001,29.78,98.0,0.22
20,2019-02-05 20:55:53.366,4036,1,81,3943,9004-9002-9001,29.78,98.0,0.22
21,2019-02-05 20:56:33.416,8371,1,4456,3902,9004-9002-9001,10.06,97.0,0.18
22,2019-02-05 20:57:13.459,8372,1,4444,3916,9004-9002-9001,29.53,97.0,0.25
23,2019-02-05 20:57:53.503,3944,1,47,3890,9004-9002-9001,29.53,97.0,0.25
24,2019-02-05 20:58:33.532,8001,5,4518,3471,9003-9002-9001,96.67,96.5,0.17
25,2019-02-05 20:59:13.570,8674,0,4479,4186,9004-9002-9001,29.46,97.0,0.21
26,2019-02-05 20:59:53.624,4133,1,58,4067,9004-9002-9001,29.46,97.0,0.21
27,2019-02-05 21:00:33.716,8705,4,4497,4199,9005-9002-9001,67.39,96.0,0.14
28,2019-02-05 21:01:13.766,8950,2,5162,3777,9003-9002-9001,105.22999999999999,95.5,0.15
29,2019-02-05 21:01:53.749,3935,3,47,3881,9003-9002-9001,105.22999999999999,95.5,0.15
30,2019-02-05 21:02:33.807,9332,1,5280,4043,9004-9002-9001,76.69999999999999,95.5,0.25
31,2019-02-05 21:03:13.843,8256,1,4484,3763,9003-9002-9001,105.25,95.5,0.16
32,2019-02-05 21:03:53.900,4124,1,65,4050,9003-9002-9001,105.25,95.5,0.16
