4,2019-02-04 11:14:34.252,9832,1,3429,6132,9007-9003-9002-9001,0.48,100.0,0.16
6,2019-02-04 11:15:54.360,6781,4,193,6360,9007-9003-9002-9001,129.51,99.33,0.23
7,2019-02-04 11:16:34.417,8639,1,3805,4629,9007-9003-9002-9001,0.71,99.0,0.24
8,2019-02-04 11:17:14.435,9371,1,3571,5585,9006-9005-9002-9001,0.54,99.0,0.18
9,2019-02-04 11:17:54.468,5844,1,88,5549,9006-9005-9002-9001,0.54,99.0,0.18
10,2019-02-04 11:18:34.528,8131,1,3749,4174,9007-9003-9002-9001,10.52,99.0,0.21
11,2019-02-04 11:19:14.580,9567,3,4178,5183,9007-9003-9002-9001,0.6699999999999999,99.0,0.22
12,2019-02-04 11:19:54.637,5670,0,90,5370,9007-9003-9002-9001,0.6699999999999999,99.0,0.22
13,2019-02-04 11:20:34.658,8425,1,3843,4365,9007-9003-9002-9001,186.98999999999998,98.33,0.17
14,2019-02-04 11:21:14.706,9742,1,4319,5217,9007-9003-9002-9001,0.47000000000000003,98.0,0.16
15,2019-02-04 11:21:54.739,5842,0,64,5573,9007-9003-9002-9001,0.47000000000000003,98.0,0.16
16,2019-02-04 11:22:34.805,8814,1,4350,4260,9007-9003-9002-9001,0.6799999999999999,98.0,0.23
17,2019-02-04 11:23:14.847,9905,5,4246,5450,9007-9003-9002-9001,0.65,98.0,0.22
18,2019-02-04 11:23:54.876,5688,1,46,5436,9007-9003-9002-9001,0.65,98.0,0.22
19,2019-02-04 11:24:34.920,9221,1,4360,4655,9007-9003-9002-9001,0.63,98.0,0.21
20,2019-02-04 11:25:14.960,10376,0,4776,5384,9007-9003-9002-9001,254.85999999999996,98.0,0.16
21,2019-02-04 11:25:55.017,5804,0,70,5526,9007-9003-9002-9001,254.85999999999996,98.0,0.16
22,2019-02-04 11:26:35.049,9894,1,4318,5362,9006-9005-9002-9001,78.03,97.0,0.19
23,2019-02-04 11:27:15.118,10988,2,4867,5908,9006-9005-9002-9001,194.19,97.0,0.18
24,2019-02-04 11:27:55.123,6141,1,74,5858,9006-9005-9002-9001,194.19,97.0,0.18
25,2019-02-04 11:28:35.168,9808,0,4350,5253,9006-9005-9002-9001,10.29,97.0,0.2
26,2019-02-04 11:29:15.248,10285,1,4739,5338,9007-9003-9002-9001,0.62,97.0,0.21
27,2019-02-04 11:29:55.263,6308,3,47,6049,9007-9003-9002-9001,0.62,97.0,0.21
28,2019-02-04 11:30:35.308,9529,0,4716,4608,9007-9003-9002-9001,221.75,96.33,0.2
29,2019-02-04 11:31:15.357,11005,1,4939,5861,9007-9003-9002-9001,248.85,95.67,0.12
30,2019-02-04 11:31:55.440,6217,0,34,5979,9007-9003-9002-9001,248.85,95.67,0.12
31,2019-02-04 11:32:35.458,10591,3,4994,5391,9006-9005-9002-9001,143.79,95.67,0.19
32,2019-02-04 11:33:15.472,11723,2,4951,6561,9006-9005-9002-9001,29.33,95.67,0.24
33,2019-02-04 11:33:55.528,6640,0,38,6390,9006-9005-9002-9001,29.33,95.67,0.24
34,2019-02-04 11:34:35.577,1099,1,4651,5215,9006-9005-9002-9001,0.6,95.67,0.2
35,2019-02-04 11:35:15.711,11770,1,4956,6602,9006-9005-9002-9001,38.87,95.67,0.22
36,2019-02-04 11:35:55.724,5904,7,42,5651,9006-9005-9002-9001,38.87,95.67,0.22
37,2019-02-04 11:36:35.758,11931,0,4980,6747,9006-9005-9002-9001,29.020000000000003,94.67,0.23
38,2019-02-04 11:37:15.991,10467,0,4782,5481,9006-9005-9002-9001,28.98,94.67,0.21
39,2019-02-04 11:37:55.842,7035,2,32,6798,9006-9005-9002-9001,28.98,94.67,0.21
40,2019-02-04 11:38:35.879,11179,1,5120,5749,9006-9005-9002-9001,28.9,94.67,0.18
41,2019-02-04 11:39:15.938,11402,0,5203,5995,9006-9005-9002-9001,28.98,94.67,0.22
42,2019-02-04 11:39:55.961,7506,1,34,7266,9006-9005-9002-9001,28.98,94.67,0.22
43,2019-02-04 11:40:36.139,11874,13,5174,6483,9007-9003-9002-9001,217.24,94.33,0.21
44,2019-02-04 11:41:16.030,10945,0,5333,5409,9007-9003-9002-9001,84.67,93.67,0.18
45,2019-02-04 11:41:56.092,6953,1,34,6716,9007-9003-9002-9001,84.67,93.67,0.18
46,2019-02-04 11:42:36.117,13356,0,6343,6807,9007-9003-9002-9001,84.69,93.67,0.18
47,2019-02-04 11:43:16.225,13516,0,6023,7288,9007-9003-9002-9001,131.52,93.67,0.2
48,2019-02-04 11:43:56.265,6279,0,37,6038,9007-9003-9002-9001,131.52,93.67,0.2
