4,2019-02-07 18:15:23.014,3792,1,3181,570,9001,0.0,0.0,0.0
5,2019-02-07 18:16:03.062,3828,1,3494,315,9001,0.0,0.0,0.0
6,2019-02-07 18:16:43.087,464,0,106,348,9001,0.0,0.0,0.0
7,2019-02-07 18:17:03.893,3647,1,3297,344,9001,0.0,0.0,0.0
8,2019-02-07 18:17:27.923,407,1,72,325,9001,0.0,0.0,0.0
9,2019-02-07 18:17:48.668,343,0,69,269,9001,0.0,0.0,0.0
10,2019-02-07 18:18:09.347,4179,3,3616,552,9001,0.0,0.0,0.0
11,2019-02-07 18:18:49.394,434,0,68,360,9001,0.0,0.0,0.0
12,2019-02-07 18:19:10.218,3864,2,3554,297,9001,0.0,0.0,0.0
13,2019-02-07 18:19:34.441,349,1,56,289,9001,0.0,0.0,0.0
14,2019-02-07 18:19:55.133,416,0,93,312,9001,0.0,0.0,0.0
15,2019-02-07 18:20:15.960,3990,1,3515,470,9001,0.0,0.0,0.0
16,2019-02-07 18:20:56.009,396,1,76,314,9001,0.0,0.0,0.0
17,2019-02-07 18:21:16.888,3998,0,3504,490,9001,0.0,0.0,0.0
19,2019-02-07 18:22:36.990,4110,6,3665,431,9001,0.0,0.0,0.0
20,2019-02-07 18:23:17.015,4199,0,3734,459,9001,0.0,0.0,0.0
21,2019-02-07 18:23:57.087,438,0,98,335,9001,0.0,0.0,0.0
22,2019-02-07 18:24:17.974,4265,1,3939,317,9001,0.0,0.0,0.0
23,2019-02-07 18:24:57.981,545,7,95,429,9001,0.0,0.0,0.0
24,2019-02-07 18:25:18.941,4734,0,4390,334,9001,0.0,0.0,0.0
25,2019-02-07 18:25:58.970,544,0,88,452,9001,0.0,0.0,0.0
26,2019-02-07 18:26:19.914,4474,1,3889,570,9001,0.0,0.0,0.0
27,2019-02-07 18:26:59.961,408,2,81,320,9001,0.0,0.0,0.0
28,2019-02-07 18:27:20.769,4507,0,3836,663,9001,0.0,0.0,0.0
29,2019-02-07 18:28:00.822,4169,0,3793,370,9001,0.0,0.0,0.0
30,2019-02-07 18:28:40.889,489,0,61,395,9001,0.0,0.0,0.0
31,2019-02-07 18:29:01.848,4525,0,4165,356,9001,0.0,0.0,0.0
32,2019-02-07 18:29:41.897,453,0,73,364,9001,0.0,0.0,0.0
33,2019-02-07 18:30:02.821,4447,0,4023,420,9001,0.0,0.0,0.0
34,2019-02-07 18:30:42.848,427,0,63,357,9001,0.0,0.0,0.0
35,2019-02-07 18:31:03.740,4636,0,4090,542,9001,0.0,0.0,0.0
36,2019-02-07 18:31:43.789,493,0,80,407,9001,0.0,0.0,0.0
37,2019-02-07 18:32:04.751,4709,1,4134,571,9001,0.0,0.0,0.0
38,2019-02-07 18:32:44.820,441,2,38,399,9001,0.0,0.0,0.0
40,2019-02-07 18:33:45.834,4659,0,4119,536,9001,0.0,0.0,0.0
